affinity
7.809668000000000276e+00
7.809668000000000276e+00
7.809668000000000276e+00
7.809668000000000276e+00
7.809668000000000276e+00
7.809668000000000276e+00
7.809668000000000276e+00
7.809668000000000276e+00
7.809668000000000276e+00
7.809668000000000276e+00
7.809668000000000276e+00
7.809668000000000276e+00
7.809668000000000276e+00
7.809668000000000276e+00
7.809668000000000276e+00
7.809668000000000276e+00
7.809668000000000276e+00
7.809668000000000276e+00
7.809668000000000276e+00
7.809668000000000276e+00
7.809668000000000276e+00
7.809668000000000276e+00
7.809668000000000276e+00
7.809668000000000276e+00
7.809668000000000276e+00
6.190000000000000391e+00
6.190000000000000391e+00
6.190000000000000391e+00
6.190000000000000391e+00
6.190000000000000391e+00
6.190000000000000391e+00
6.190000000000000391e+00
6.190000000000000391e+00
6.190000000000000391e+00
6.190000000000000391e+00
6.190000000000000391e+00
6.190000000000000391e+00
6.190000000000000391e+00
6.190000000000000391e+00
6.190000000000000391e+00
6.190000000000000391e+00
6.190000000000000391e+00
6.190000000000000391e+00
6.190000000000000391e+00
6.190000000000000391e+00
6.190000000000000391e+00
6.190000000000000391e+00
6.190000000000000391e+00
6.190000000000000391e+00
6.190000000000000391e+00
7.000000000000000000e+00
7.000000000000000000e+00
7.000000000000000000e+00
7.000000000000000000e+00
7.000000000000000000e+00
7.000000000000000000e+00
7.000000000000000000e+00
7.000000000000000000e+00
7.000000000000000000e+00
7.000000000000000000e+00
7.000000000000000000e+00
7.000000000000000000e+00
7.000000000000000000e+00
7.000000000000000000e+00
7.000000000000000000e+00
7.000000000000000000e+00
7.000000000000000000e+00
7.000000000000000000e+00
7.000000000000000000e+00
7.000000000000000000e+00
7.000000000000000000e+00
7.000000000000000000e+00
7.000000000000000000e+00
7.000000000000000000e+00
7.000000000000000000e+00
5.199970999999999677e+00
5.199970999999999677e+00
5.199970999999999677e+00
5.199970999999999677e+00
5.199970999999999677e+00
5.199970999999999677e+00
5.199970999999999677e+00
5.199970999999999677e+00
5.199970999999999677e+00
5.199970999999999677e+00
5.199970999999999677e+00
5.199970999999999677e+00
5.199970999999999677e+00
5.199970999999999677e+00
5.199970999999999677e+00
5.199970999999999677e+00
5.199970999999999677e+00
5.199970999999999677e+00
5.199970999999999677e+00
5.199970999999999677e+00
5.199970999999999677e+00
5.199970999999999677e+00
5.199970999999999677e+00
5.199970999999999677e+00
5.199970999999999677e+00
6.200658999999999921e+00
6.200658999999999921e+00
6.200658999999999921e+00
6.200658999999999921e+00
6.200658999999999921e+00
6.200658999999999921e+00
6.200658999999999921e+00
6.200658999999999921e+00
6.200658999999999921e+00
6.200658999999999921e+00
6.200658999999999921e+00
6.200658999999999921e+00
6.200658999999999921e+00
6.200658999999999921e+00
6.200658999999999921e+00
6.200658999999999921e+00
6.200658999999999921e+00
6.200658999999999921e+00
6.200658999999999921e+00
6.200658999999999921e+00
6.200658999999999921e+00
6.200658999999999921e+00
6.200658999999999921e+00
6.200658999999999921e+00
6.200658999999999921e+00
5.043351000000000361e+00
5.043351000000000361e+00
5.043351000000000361e+00
5.043351000000000361e+00
5.043351000000000361e+00
5.043351000000000361e+00
5.043351000000000361e+00
5.043351000000000361e+00
5.043351000000000361e+00
5.043351000000000361e+00
5.043351000000000361e+00
5.043351000000000361e+00
5.043351000000000361e+00
5.043351000000000361e+00
5.043351000000000361e+00
5.043351000000000361e+00
5.043351000000000361e+00
5.043351000000000361e+00
5.043351000000000361e+00
5.043351000000000361e+00
5.043351000000000361e+00
5.043351000000000361e+00
5.043351000000000361e+00
5.043351000000000361e+00
5.043351000000000361e+00
6.549999999999999822e+00
6.549999999999999822e+00
6.549999999999999822e+00
6.549999999999999822e+00
6.549999999999999822e+00
6.549999999999999822e+00
6.549999999999999822e+00
6.549999999999999822e+00
6.549999999999999822e+00
6.549999999999999822e+00
6.549999999999999822e+00
6.549999999999999822e+00
6.549999999999999822e+00
6.549999999999999822e+00
6.549999999999999822e+00
6.549999999999999822e+00
6.549999999999999822e+00
6.549999999999999822e+00
6.549999999999999822e+00
6.549999999999999822e+00
6.549999999999999822e+00
6.549999999999999822e+00
6.549999999999999822e+00
6.549999999999999822e+00
6.549999999999999822e+00
5.900000000000000355e+00
5.900000000000000355e+00
5.900000000000000355e+00
5.900000000000000355e+00
5.900000000000000355e+00
5.900000000000000355e+00
5.900000000000000355e+00
5.900000000000000355e+00
5.900000000000000355e+00
5.900000000000000355e+00
5.900000000000000355e+00
5.900000000000000355e+00
5.900000000000000355e+00
5.900000000000000355e+00
5.900000000000000355e+00
5.900000000000000355e+00
5.900000000000000355e+00
5.900000000000000355e+00
5.900000000000000355e+00
5.900000000000000355e+00
5.900000000000000355e+00
5.900000000000000355e+00
5.900000000000000355e+00
5.900000000000000355e+00
5.900000000000000355e+00
5.318759000000000015e+00
5.318759000000000015e+00
5.318759000000000015e+00
5.318759000000000015e+00
5.318759000000000015e+00
5.318759000000000015e+00
5.318759000000000015e+00
5.318759000000000015e+00
5.318759000000000015e+00
5.318759000000000015e+00
5.318759000000000015e+00
5.318759000000000015e+00
5.318759000000000015e+00
5.318759000000000015e+00
5.318759000000000015e+00
5.318759000000000015e+00
5.318759000000000015e+00
5.318759000000000015e+00
5.318759000000000015e+00
5.318759000000000015e+00
5.318759000000000015e+00
5.318759000000000015e+00
5.318759000000000015e+00
5.318759000000000015e+00
5.318759000000000015e+00
5.657576999999999856e+00
5.657576999999999856e+00
5.657576999999999856e+00
5.657576999999999856e+00
5.657576999999999856e+00
5.657576999999999856e+00
5.657576999999999856e+00
5.657576999999999856e+00
5.657576999999999856e+00
5.657576999999999856e+00
5.657576999999999856e+00
5.657576999999999856e+00
5.657576999999999856e+00
5.657576999999999856e+00
5.657576999999999856e+00
5.657576999999999856e+00
5.657576999999999856e+00
5.657576999999999856e+00
5.657576999999999856e+00
5.657576999999999856e+00
5.657576999999999856e+00
5.657576999999999856e+00
5.657576999999999856e+00
5.657576999999999856e+00
5.657576999999999856e+00
5.387215999999999561e+00
5.387215999999999561e+00
5.387215999999999561e+00
5.387215999999999561e+00
5.387215999999999561e+00
5.387215999999999561e+00
5.387215999999999561e+00
5.387215999999999561e+00
5.387215999999999561e+00
5.387215999999999561e+00
5.387215999999999561e+00
5.387215999999999561e+00
5.387215999999999561e+00
5.387215999999999561e+00
5.387215999999999561e+00
5.387215999999999561e+00
5.387215999999999561e+00
5.387215999999999561e+00
5.387215999999999561e+00
5.387215999999999561e+00
5.387215999999999561e+00
5.387215999999999561e+00
5.387215999999999561e+00
5.387215999999999561e+00
5.387215999999999561e+00
6.413413000000000252e+00
6.413413000000000252e+00
6.413413000000000252e+00
6.413413000000000252e+00
6.413413000000000252e+00
6.413413000000000252e+00
6.413413000000000252e+00
6.413413000000000252e+00
6.413413000000000252e+00
6.413413000000000252e+00
6.413413000000000252e+00
6.413413000000000252e+00
6.413413000000000252e+00
6.413413000000000252e+00
6.413413000000000252e+00
6.413413000000000252e+00
6.413413000000000252e+00
6.413413000000000252e+00
6.413413000000000252e+00
6.413413000000000252e+00
6.413413000000000252e+00
6.413413000000000252e+00
6.413413000000000252e+00
6.413413000000000252e+00
6.413413000000000252e+00
4.700000000000000178e+00
4.700000000000000178e+00
4.700000000000000178e+00
4.700000000000000178e+00
4.700000000000000178e+00
4.700000000000000178e+00
4.700000000000000178e+00
4.700000000000000178e+00
4.700000000000000178e+00
4.700000000000000178e+00
4.700000000000000178e+00
4.700000000000000178e+00
4.700000000000000178e+00
4.700000000000000178e+00
4.700000000000000178e+00
4.700000000000000178e+00
4.700000000000000178e+00
4.700000000000000178e+00
4.700000000000000178e+00
4.700000000000000178e+00
4.700000000000000178e+00
4.700000000000000178e+00
4.700000000000000178e+00
4.700000000000000178e+00
4.700000000000000178e+00
5.389999999999999680e+00
5.389999999999999680e+00
5.389999999999999680e+00
5.389999999999999680e+00
5.389999999999999680e+00
5.389999999999999680e+00
5.389999999999999680e+00
5.389999999999999680e+00
5.389999999999999680e+00
5.389999999999999680e+00
5.389999999999999680e+00
5.389999999999999680e+00
5.389999999999999680e+00
5.389999999999999680e+00
5.389999999999999680e+00
5.389999999999999680e+00
5.389999999999999680e+00
5.389999999999999680e+00
5.389999999999999680e+00
5.389999999999999680e+00
5.389999999999999680e+00
5.389999999999999680e+00
5.389999999999999680e+00
5.389999999999999680e+00
5.389999999999999680e+00
6.820000000000000284e+00
6.820000000000000284e+00
6.820000000000000284e+00
6.820000000000000284e+00
6.820000000000000284e+00
6.820000000000000284e+00
6.820000000000000284e+00
6.820000000000000284e+00
6.820000000000000284e+00
6.820000000000000284e+00
6.820000000000000284e+00
6.820000000000000284e+00
6.820000000000000284e+00
6.820000000000000284e+00
6.820000000000000284e+00
6.820000000000000284e+00
6.820000000000000284e+00
6.820000000000000284e+00
6.820000000000000284e+00
6.820000000000000284e+00
6.820000000000000284e+00
6.820000000000000284e+00
6.820000000000000284e+00
6.820000000000000284e+00
6.820000000000000284e+00
5.337241999999999820e+00
5.337241999999999820e+00
5.337241999999999820e+00
5.337241999999999820e+00
5.337241999999999820e+00
5.337241999999999820e+00
5.337241999999999820e+00
5.337241999999999820e+00
5.337241999999999820e+00
5.337241999999999820e+00
5.337241999999999820e+00
5.337241999999999820e+00
5.337241999999999820e+00
5.337241999999999820e+00
5.337241999999999820e+00
5.337241999999999820e+00
5.337241999999999820e+00
5.337241999999999820e+00
5.337241999999999820e+00
5.337241999999999820e+00
5.337241999999999820e+00
5.337241999999999820e+00
5.337241999999999820e+00
5.337241999999999820e+00
5.337241999999999820e+00
5.240000000000000213e+00
5.240000000000000213e+00
5.240000000000000213e+00
5.240000000000000213e+00
5.240000000000000213e+00
5.240000000000000213e+00
5.240000000000000213e+00
5.240000000000000213e+00
5.240000000000000213e+00
5.240000000000000213e+00
5.240000000000000213e+00
5.240000000000000213e+00
5.240000000000000213e+00
5.240000000000000213e+00
5.240000000000000213e+00
5.240000000000000213e+00
5.240000000000000213e+00
5.240000000000000213e+00
5.240000000000000213e+00
5.240000000000000213e+00
5.240000000000000213e+00
5.240000000000000213e+00
5.240000000000000213e+00
5.240000000000000213e+00
5.240000000000000213e+00
5.154901999999999873e+00
5.154901999999999873e+00
5.154901999999999873e+00
5.154901999999999873e+00
5.154901999999999873e+00
5.154901999999999873e+00
5.154901999999999873e+00
5.154901999999999873e+00
5.154901999999999873e+00
5.154901999999999873e+00
5.154901999999999873e+00
5.154901999999999873e+00
5.154901999999999873e+00
5.154901999999999873e+00
5.154901999999999873e+00
5.154901999999999873e+00
5.154901999999999873e+00
5.154901999999999873e+00
5.154901999999999873e+00
5.154901999999999873e+00
5.154901999999999873e+00
5.154901999999999873e+00
5.154901999999999873e+00
5.154901999999999873e+00
5.154901999999999873e+00
6.537601999999999691e+00
6.537601999999999691e+00
6.537601999999999691e+00
6.537601999999999691e+00
6.537601999999999691e+00
6.537601999999999691e+00
6.537601999999999691e+00
6.537601999999999691e+00
6.537601999999999691e+00
6.537601999999999691e+00
6.537601999999999691e+00
6.537601999999999691e+00
6.537601999999999691e+00
6.537601999999999691e+00
6.537601999999999691e+00
6.537601999999999691e+00
6.537601999999999691e+00
6.537601999999999691e+00
6.537601999999999691e+00
6.537601999999999691e+00
6.537601999999999691e+00
6.537601999999999691e+00
6.537601999999999691e+00
6.537601999999999691e+00
6.537601999999999691e+00
5.469999999999999751e+00
5.469999999999999751e+00
5.469999999999999751e+00
5.469999999999999751e+00
5.469999999999999751e+00
5.469999999999999751e+00
5.469999999999999751e+00
5.469999999999999751e+00
5.469999999999999751e+00
5.469999999999999751e+00
5.469999999999999751e+00
5.469999999999999751e+00
5.469999999999999751e+00
5.469999999999999751e+00
5.469999999999999751e+00
5.469999999999999751e+00
5.469999999999999751e+00
5.469999999999999751e+00
5.469999999999999751e+00
5.469999999999999751e+00
5.469999999999999751e+00
5.469999999999999751e+00
5.469999999999999751e+00
5.469999999999999751e+00
5.469999999999999751e+00
5.853871999999999964e+00
5.853871999999999964e+00
5.853871999999999964e+00
5.853871999999999964e+00
5.853871999999999964e+00
5.853871999999999964e+00
5.853871999999999964e+00
5.853871999999999964e+00
5.853871999999999964e+00
5.853871999999999964e+00
5.853871999999999964e+00
5.853871999999999964e+00
5.853871999999999964e+00
5.853871999999999964e+00
5.853871999999999964e+00
5.853871999999999964e+00
5.853871999999999964e+00
5.853871999999999964e+00
5.853871999999999964e+00
5.853871999999999964e+00
5.853871999999999964e+00
5.853871999999999964e+00
5.853871999999999964e+00
5.853871999999999964e+00
5.853871999999999964e+00
5.599980000000000402e+00
5.599980000000000402e+00
5.599980000000000402e+00
5.599980000000000402e+00
5.599980000000000402e+00
5.599980000000000402e+00
5.599980000000000402e+00
5.599980000000000402e+00
5.599980000000000402e+00
5.599980000000000402e+00
5.599980000000000402e+00
5.599980000000000402e+00
5.599980000000000402e+00
5.599980000000000402e+00
5.599980000000000402e+00
5.599980000000000402e+00
5.599980000000000402e+00
5.599980000000000402e+00
5.599980000000000402e+00
5.599980000000000402e+00
5.599980000000000402e+00
5.599980000000000402e+00
5.599980000000000402e+00
5.599980000000000402e+00
5.599980000000000402e+00
6.698970000000000091e+00
6.698970000000000091e+00
6.698970000000000091e+00
6.698970000000000091e+00
6.698970000000000091e+00
6.698970000000000091e+00
6.698970000000000091e+00
6.698970000000000091e+00
6.698970000000000091e+00
6.698970000000000091e+00
6.698970000000000091e+00
6.698970000000000091e+00
6.698970000000000091e+00
6.698970000000000091e+00
6.698970000000000091e+00
6.698970000000000091e+00
6.698970000000000091e+00
6.698970000000000091e+00
6.698970000000000091e+00
6.698970000000000091e+00
6.698970000000000091e+00
6.698970000000000091e+00
6.698970000000000091e+00
6.698970000000000091e+00
6.698970000000000091e+00
6.195860999999999841e+00
6.195860999999999841e+00
6.195860999999999841e+00
6.195860999999999841e+00
6.195860999999999841e+00
6.195860999999999841e+00
6.195860999999999841e+00
6.195860999999999841e+00
6.195860999999999841e+00
6.195860999999999841e+00
6.195860999999999841e+00
6.195860999999999841e+00
6.195860999999999841e+00
6.195860999999999841e+00
6.195860999999999841e+00
6.195860999999999841e+00
6.195860999999999841e+00
6.195860999999999841e+00
6.195860999999999841e+00
6.195860999999999841e+00
6.195860999999999841e+00
6.195860999999999841e+00
6.195860999999999841e+00
6.195860999999999841e+00
6.195860999999999841e+00
6.370000000000000107e+00
6.370000000000000107e+00
6.370000000000000107e+00
6.370000000000000107e+00
6.370000000000000107e+00
6.370000000000000107e+00
6.370000000000000107e+00
6.370000000000000107e+00
6.370000000000000107e+00
6.370000000000000107e+00
6.370000000000000107e+00
6.370000000000000107e+00
6.370000000000000107e+00
6.370000000000000107e+00
6.370000000000000107e+00
6.370000000000000107e+00
6.370000000000000107e+00
6.370000000000000107e+00
6.370000000000000107e+00
6.370000000000000107e+00
6.370000000000000107e+00
6.370000000000000107e+00
6.370000000000000107e+00
6.370000000000000107e+00
6.370000000000000107e+00
5.886057000000000095e+00
5.886057000000000095e+00
5.886057000000000095e+00
5.886057000000000095e+00
5.886057000000000095e+00
5.886057000000000095e+00
5.886057000000000095e+00
5.886057000000000095e+00
5.886057000000000095e+00
5.886057000000000095e+00
5.886057000000000095e+00
5.886057000000000095e+00
5.886057000000000095e+00
5.886057000000000095e+00
5.886057000000000095e+00
5.886057000000000095e+00
5.886057000000000095e+00
5.886057000000000095e+00
5.886057000000000095e+00
5.886057000000000095e+00
5.886057000000000095e+00
5.886057000000000095e+00
5.886057000000000095e+00
5.886057000000000095e+00
5.886057000000000095e+00
6.400116999999999834e+00
6.400116999999999834e+00
6.400116999999999834e+00
6.400116999999999834e+00
6.400116999999999834e+00
6.400116999999999834e+00
6.400116999999999834e+00
6.400116999999999834e+00
6.400116999999999834e+00
6.400116999999999834e+00
6.400116999999999834e+00
6.400116999999999834e+00
6.400116999999999834e+00
6.400116999999999834e+00
6.400116999999999834e+00
6.400116999999999834e+00
6.400116999999999834e+00
6.400116999999999834e+00
6.400116999999999834e+00
6.400116999999999834e+00
6.400116999999999834e+00
6.400116999999999834e+00
6.400116999999999834e+00
6.400116999999999834e+00
6.400116999999999834e+00
8.102373000000000047e+00
8.102373000000000047e+00
8.102373000000000047e+00
8.102373000000000047e+00
8.102373000000000047e+00
8.102373000000000047e+00
8.102373000000000047e+00
8.102373000000000047e+00
8.102373000000000047e+00
8.102373000000000047e+00
8.102373000000000047e+00
8.102373000000000047e+00
8.102373000000000047e+00
8.102373000000000047e+00
8.102373000000000047e+00
8.102373000000000047e+00
8.102373000000000047e+00
8.102373000000000047e+00
8.102373000000000047e+00
8.102373000000000047e+00
8.102373000000000047e+00
8.102373000000000047e+00
8.102373000000000047e+00
8.102373000000000047e+00
8.102373000000000047e+00
5.588379999999999903e+00
5.588379999999999903e+00
5.588379999999999903e+00
5.588379999999999903e+00
5.588379999999999903e+00
5.588379999999999903e+00
5.588379999999999903e+00
5.588379999999999903e+00
5.588379999999999903e+00
5.588379999999999903e+00
5.588379999999999903e+00
5.588379999999999903e+00
5.588379999999999903e+00
5.588379999999999903e+00
5.588379999999999903e+00
5.588379999999999903e+00
5.588379999999999903e+00
5.588379999999999903e+00
5.588379999999999903e+00
5.588379999999999903e+00
5.588379999999999903e+00
5.588379999999999903e+00
5.588379999999999903e+00
5.588379999999999903e+00
5.588379999999999903e+00
5.815309000000000061e+00
5.815309000000000061e+00
5.815309000000000061e+00
5.815309000000000061e+00
5.815309000000000061e+00
5.815309000000000061e+00
5.815309000000000061e+00
5.815309000000000061e+00
5.815309000000000061e+00
5.815309000000000061e+00
5.815309000000000061e+00
5.815309000000000061e+00
5.815309000000000061e+00
5.815309000000000061e+00
5.815309000000000061e+00
5.815309000000000061e+00
5.815309000000000061e+00
5.815309000000000061e+00
5.815309000000000061e+00
5.815309000000000061e+00
5.815309000000000061e+00
5.815309000000000061e+00
5.815309000000000061e+00
5.815309000000000061e+00
5.815309000000000061e+00
6.346786999999999956e+00
6.346786999999999956e+00
6.346786999999999956e+00
6.346786999999999956e+00
6.346786999999999956e+00
6.346786999999999956e+00
6.346786999999999956e+00
6.346786999999999956e+00
6.346786999999999956e+00
6.346786999999999956e+00
6.346786999999999956e+00
6.346786999999999956e+00
6.346786999999999956e+00
6.346786999999999956e+00
6.346786999999999956e+00
6.346786999999999956e+00
6.346786999999999956e+00
6.346786999999999956e+00
6.346786999999999956e+00
6.346786999999999956e+00
6.346786999999999956e+00
6.346786999999999956e+00
6.346786999999999956e+00
6.346786999999999956e+00
6.346786999999999956e+00
5.497573000000000043e+00
5.497573000000000043e+00
5.497573000000000043e+00
5.497573000000000043e+00
5.497573000000000043e+00
5.497573000000000043e+00
5.497573000000000043e+00
5.497573000000000043e+00
5.497573000000000043e+00
5.497573000000000043e+00
5.497573000000000043e+00
5.497573000000000043e+00
5.497573000000000043e+00
5.497573000000000043e+00
5.497573000000000043e+00
5.497573000000000043e+00
5.497573000000000043e+00
5.497573000000000043e+00
5.497573000000000043e+00
5.497573000000000043e+00
5.497573000000000043e+00
5.497573000000000043e+00
5.497573000000000043e+00
5.497573000000000043e+00
5.497573000000000043e+00
5.240000000000000213e+00
5.240000000000000213e+00
5.240000000000000213e+00
5.240000000000000213e+00
5.240000000000000213e+00
5.240000000000000213e+00
5.240000000000000213e+00
5.240000000000000213e+00
5.240000000000000213e+00
5.240000000000000213e+00
5.240000000000000213e+00
5.240000000000000213e+00
5.240000000000000213e+00
5.240000000000000213e+00
5.240000000000000213e+00
5.240000000000000213e+00
5.240000000000000213e+00
5.240000000000000213e+00
5.240000000000000213e+00
5.240000000000000213e+00
5.240000000000000213e+00
5.240000000000000213e+00
5.240000000000000213e+00
5.240000000000000213e+00
5.240000000000000213e+00
5.040000000000000036e+00
5.040000000000000036e+00
5.040000000000000036e+00
5.040000000000000036e+00
5.040000000000000036e+00
5.040000000000000036e+00
5.040000000000000036e+00
5.040000000000000036e+00
5.040000000000000036e+00
5.040000000000000036e+00
5.040000000000000036e+00
5.040000000000000036e+00
5.040000000000000036e+00
5.040000000000000036e+00
5.040000000000000036e+00
5.040000000000000036e+00
5.040000000000000036e+00
5.040000000000000036e+00
5.040000000000000036e+00
5.040000000000000036e+00
5.040000000000000036e+00
5.040000000000000036e+00
5.040000000000000036e+00
5.040000000000000036e+00
5.040000000000000036e+00
5.129999999999999893e+00
5.129999999999999893e+00
5.129999999999999893e+00
5.129999999999999893e+00
5.129999999999999893e+00
5.129999999999999893e+00
5.129999999999999893e+00
5.129999999999999893e+00
5.129999999999999893e+00
5.129999999999999893e+00
5.129999999999999893e+00
5.129999999999999893e+00
5.129999999999999893e+00
5.129999999999999893e+00
5.129999999999999893e+00
5.129999999999999893e+00
5.129999999999999893e+00
5.129999999999999893e+00
5.129999999999999893e+00
5.129999999999999893e+00
5.129999999999999893e+00
5.129999999999999893e+00
5.129999999999999893e+00
5.129999999999999893e+00
5.129999999999999893e+00
5.889999999999999680e+00
5.889999999999999680e+00
5.889999999999999680e+00
5.889999999999999680e+00
5.889999999999999680e+00
5.889999999999999680e+00
5.889999999999999680e+00
5.889999999999999680e+00
5.889999999999999680e+00
5.889999999999999680e+00
5.889999999999999680e+00
5.889999999999999680e+00
5.889999999999999680e+00
5.889999999999999680e+00
5.889999999999999680e+00
5.889999999999999680e+00
5.889999999999999680e+00
5.889999999999999680e+00
5.889999999999999680e+00
5.889999999999999680e+00
5.889999999999999680e+00
5.889999999999999680e+00
5.889999999999999680e+00
5.889999999999999680e+00
5.889999999999999680e+00
4.919999999999999929e+00
4.919999999999999929e+00
4.919999999999999929e+00
4.919999999999999929e+00
4.919999999999999929e+00
4.919999999999999929e+00
4.919999999999999929e+00
4.919999999999999929e+00
4.919999999999999929e+00
4.919999999999999929e+00
4.919999999999999929e+00
4.919999999999999929e+00
4.919999999999999929e+00
4.919999999999999929e+00
4.919999999999999929e+00
4.919999999999999929e+00
4.919999999999999929e+00
4.919999999999999929e+00
4.919999999999999929e+00
4.919999999999999929e+00
4.919999999999999929e+00
4.919999999999999929e+00
4.919999999999999929e+00
4.919999999999999929e+00
4.919999999999999929e+00
5.740000000000000213e+00
5.740000000000000213e+00
5.740000000000000213e+00
5.740000000000000213e+00
5.740000000000000213e+00
5.740000000000000213e+00
5.740000000000000213e+00
5.740000000000000213e+00
5.740000000000000213e+00
5.740000000000000213e+00
5.740000000000000213e+00
5.740000000000000213e+00
5.740000000000000213e+00
5.740000000000000213e+00
5.740000000000000213e+00
5.740000000000000213e+00
5.740000000000000213e+00
5.740000000000000213e+00
5.740000000000000213e+00
5.740000000000000213e+00
5.740000000000000213e+00
5.740000000000000213e+00
5.740000000000000213e+00
5.740000000000000213e+00
5.740000000000000213e+00
5.839999999999999858e+00
5.839999999999999858e+00
5.839999999999999858e+00
5.839999999999999858e+00
5.839999999999999858e+00
5.839999999999999858e+00
5.839999999999999858e+00
5.839999999999999858e+00
5.839999999999999858e+00
5.839999999999999858e+00
5.839999999999999858e+00
5.839999999999999858e+00
5.839999999999999858e+00
5.839999999999999858e+00
5.839999999999999858e+00
5.839999999999999858e+00
5.839999999999999858e+00
5.839999999999999858e+00
5.839999999999999858e+00
5.839999999999999858e+00
5.839999999999999858e+00
5.839999999999999858e+00
5.839999999999999858e+00
5.839999999999999858e+00
5.839999999999999858e+00
5.301029999999999909e+00
5.301029999999999909e+00
5.301029999999999909e+00
5.301029999999999909e+00
5.301029999999999909e+00
5.301029999999999909e+00
5.301029999999999909e+00
5.301029999999999909e+00
5.301029999999999909e+00
5.301029999999999909e+00
5.301029999999999909e+00
5.301029999999999909e+00
5.301029999999999909e+00
5.301029999999999909e+00
5.301029999999999909e+00
5.301029999999999909e+00
5.301029999999999909e+00
5.301029999999999909e+00
5.301029999999999909e+00
5.301029999999999909e+00
5.301029999999999909e+00
5.301029999999999909e+00
5.301029999999999909e+00
5.301029999999999909e+00
5.301029999999999909e+00
7.849999999999999645e+00
7.849999999999999645e+00
7.849999999999999645e+00
7.849999999999999645e+00
7.849999999999999645e+00
7.849999999999999645e+00
7.849999999999999645e+00
7.849999999999999645e+00
7.849999999999999645e+00
7.849999999999999645e+00
7.849999999999999645e+00
7.849999999999999645e+00
7.849999999999999645e+00
7.849999999999999645e+00
7.849999999999999645e+00
7.849999999999999645e+00
7.849999999999999645e+00
7.849999999999999645e+00
7.849999999999999645e+00
7.849999999999999645e+00
7.849999999999999645e+00
7.849999999999999645e+00
7.849999999999999645e+00
7.849999999999999645e+00
7.849999999999999645e+00
5.193819999999999659e+00
5.193819999999999659e+00
5.193819999999999659e+00
5.193819999999999659e+00
5.193819999999999659e+00
5.193819999999999659e+00
5.193819999999999659e+00
5.193819999999999659e+00
5.193819999999999659e+00
5.193819999999999659e+00
5.193819999999999659e+00
5.193819999999999659e+00
5.193819999999999659e+00
5.193819999999999659e+00
5.193819999999999659e+00
5.193819999999999659e+00
5.193819999999999659e+00
5.193819999999999659e+00
5.193819999999999659e+00
5.193819999999999659e+00
5.193819999999999659e+00
5.193819999999999659e+00
5.193819999999999659e+00
5.193819999999999659e+00
5.193819999999999659e+00
6.886057000000000095e+00
6.886057000000000095e+00
6.886057000000000095e+00
6.886057000000000095e+00
6.886057000000000095e+00
6.886057000000000095e+00
6.886057000000000095e+00
6.886057000000000095e+00
6.886057000000000095e+00
6.886057000000000095e+00
6.886057000000000095e+00
6.886057000000000095e+00
6.886057000000000095e+00
6.886057000000000095e+00
6.886057000000000095e+00
6.886057000000000095e+00
6.886057000000000095e+00
6.886057000000000095e+00
6.886057000000000095e+00
6.886057000000000095e+00
6.886057000000000095e+00
6.886057000000000095e+00
6.886057000000000095e+00
6.886057000000000095e+00
6.886057000000000095e+00
5.260428000000000104e+00
5.260428000000000104e+00
5.260428000000000104e+00
5.260428000000000104e+00
5.260428000000000104e+00
5.260428000000000104e+00
5.260428000000000104e+00
5.260428000000000104e+00
5.260428000000000104e+00
5.260428000000000104e+00
5.260428000000000104e+00
5.260428000000000104e+00
5.260428000000000104e+00
5.260428000000000104e+00
5.260428000000000104e+00
5.260428000000000104e+00
5.260428000000000104e+00
5.260428000000000104e+00
5.260428000000000104e+00
5.260428000000000104e+00
5.260428000000000104e+00
5.260428000000000104e+00
5.260428000000000104e+00
5.260428000000000104e+00
5.260428000000000104e+00
5.200658999999999921e+00
5.200658999999999921e+00
5.200658999999999921e+00
5.200658999999999921e+00
5.200658999999999921e+00
5.200658999999999921e+00
5.200658999999999921e+00
5.200658999999999921e+00
5.200658999999999921e+00
5.200658999999999921e+00
5.200658999999999921e+00
5.200658999999999921e+00
5.200658999999999921e+00
5.200658999999999921e+00
5.200658999999999921e+00
5.200658999999999921e+00
5.200658999999999921e+00
5.200658999999999921e+00
5.200658999999999921e+00
5.200658999999999921e+00
5.200658999999999921e+00
5.200658999999999921e+00
5.200658999999999921e+00
5.200658999999999921e+00
5.200658999999999921e+00
5.059999999999999609e+00
5.059999999999999609e+00
5.059999999999999609e+00
5.059999999999999609e+00
5.059999999999999609e+00
5.059999999999999609e+00
5.059999999999999609e+00
5.059999999999999609e+00
5.059999999999999609e+00
5.059999999999999609e+00
5.059999999999999609e+00
5.059999999999999609e+00
5.059999999999999609e+00
5.059999999999999609e+00
5.059999999999999609e+00
5.059999999999999609e+00
5.059999999999999609e+00
5.059999999999999609e+00
5.059999999999999609e+00
5.059999999999999609e+00
5.059999999999999609e+00
5.059999999999999609e+00
5.059999999999999609e+00
5.059999999999999609e+00
5.059999999999999609e+00
5.699621999999999744e+00
5.699621999999999744e+00
5.699621999999999744e+00
5.699621999999999744e+00
5.699621999999999744e+00
5.699621999999999744e+00
5.699621999999999744e+00
5.699621999999999744e+00
5.699621999999999744e+00
5.699621999999999744e+00
5.699621999999999744e+00
5.699621999999999744e+00
5.699621999999999744e+00
5.699621999999999744e+00
5.699621999999999744e+00
5.699621999999999744e+00
5.699621999999999744e+00
5.699621999999999744e+00
5.699621999999999744e+00
5.699621999999999744e+00
5.699621999999999744e+00
5.699621999999999744e+00
5.699621999999999744e+00
5.699621999999999744e+00
5.699621999999999744e+00
6.557520000000000238e+00
6.557520000000000238e+00
6.557520000000000238e+00
6.557520000000000238e+00
6.557520000000000238e+00
6.557520000000000238e+00
6.557520000000000238e+00
6.557520000000000238e+00
6.557520000000000238e+00
6.557520000000000238e+00
6.557520000000000238e+00
6.557520000000000238e+00
6.557520000000000238e+00
6.557520000000000238e+00
6.557520000000000238e+00
6.557520000000000238e+00
6.557520000000000238e+00
6.557520000000000238e+00
6.557520000000000238e+00
6.557520000000000238e+00
6.557520000000000238e+00
6.557520000000000238e+00
6.557520000000000238e+00
6.557520000000000238e+00
6.557520000000000238e+00
6.102373000000000047e+00
6.102373000000000047e+00
6.102373000000000047e+00
6.102373000000000047e+00
6.102373000000000047e+00
6.102373000000000047e+00
6.102373000000000047e+00
6.102373000000000047e+00
6.102373000000000047e+00
6.102373000000000047e+00
6.102373000000000047e+00
6.102373000000000047e+00
6.102373000000000047e+00
6.102373000000000047e+00
6.102373000000000047e+00
6.102373000000000047e+00
6.102373000000000047e+00
6.102373000000000047e+00
6.102373000000000047e+00
6.102373000000000047e+00
6.102373000000000047e+00
6.102373000000000047e+00
6.102373000000000047e+00
6.102373000000000047e+00
6.102373000000000047e+00
6.091515000000000235e+00
6.091515000000000235e+00
6.091515000000000235e+00
6.091515000000000235e+00
6.091515000000000235e+00
6.091515000000000235e+00
6.091515000000000235e+00
6.091515000000000235e+00
6.091515000000000235e+00
6.091515000000000235e+00
6.091515000000000235e+00
6.091515000000000235e+00
6.091515000000000235e+00
6.091515000000000235e+00
6.091515000000000235e+00
6.091515000000000235e+00
6.091515000000000235e+00
6.091515000000000235e+00
6.091515000000000235e+00
6.091515000000000235e+00
6.091515000000000235e+00
6.091515000000000235e+00
6.091515000000000235e+00
6.091515000000000235e+00
6.091515000000000235e+00
7.280000000000000249e+00
7.280000000000000249e+00
7.280000000000000249e+00
7.280000000000000249e+00
7.280000000000000249e+00
7.280000000000000249e+00
7.280000000000000249e+00
7.280000000000000249e+00
7.280000000000000249e+00
7.280000000000000249e+00
7.280000000000000249e+00
7.280000000000000249e+00
7.280000000000000249e+00
7.280000000000000249e+00
7.280000000000000249e+00
7.280000000000000249e+00
7.280000000000000249e+00
7.280000000000000249e+00
7.280000000000000249e+00
7.280000000000000249e+00
7.280000000000000249e+00
7.280000000000000249e+00
7.280000000000000249e+00
7.280000000000000249e+00
7.280000000000000249e+00
6.008773999999999837e+00
6.008773999999999837e+00
6.008773999999999837e+00
6.008773999999999837e+00
6.008773999999999837e+00
6.008773999999999837e+00
6.008773999999999837e+00
6.008773999999999837e+00
6.008773999999999837e+00
6.008773999999999837e+00
6.008773999999999837e+00
6.008773999999999837e+00
6.008773999999999837e+00
6.008773999999999837e+00
6.008773999999999837e+00
6.008773999999999837e+00
6.008773999999999837e+00
6.008773999999999837e+00
6.008773999999999837e+00
6.008773999999999837e+00
6.008773999999999837e+00
6.008773999999999837e+00
6.008773999999999837e+00
6.008773999999999837e+00
6.008773999999999837e+00
7.000000000000000000e+00
7.000000000000000000e+00
7.000000000000000000e+00
7.000000000000000000e+00
7.000000000000000000e+00
7.000000000000000000e+00
7.000000000000000000e+00
7.000000000000000000e+00
7.000000000000000000e+00
7.000000000000000000e+00
7.000000000000000000e+00
7.000000000000000000e+00
7.000000000000000000e+00
7.000000000000000000e+00
7.000000000000000000e+00
7.000000000000000000e+00
7.000000000000000000e+00
7.000000000000000000e+00
7.000000000000000000e+00
7.000000000000000000e+00
7.000000000000000000e+00
7.000000000000000000e+00
7.000000000000000000e+00
7.000000000000000000e+00
7.000000000000000000e+00
6.542118000000000322e+00
6.542118000000000322e+00
6.542118000000000322e+00
6.542118000000000322e+00
6.542118000000000322e+00
6.542118000000000322e+00
6.542118000000000322e+00
6.542118000000000322e+00
6.542118000000000322e+00
6.542118000000000322e+00
6.542118000000000322e+00
6.542118000000000322e+00
6.542118000000000322e+00
6.542118000000000322e+00
6.542118000000000322e+00
6.542118000000000322e+00
6.542118000000000322e+00
6.542118000000000322e+00
6.542118000000000322e+00
6.542118000000000322e+00
6.542118000000000322e+00
6.542118000000000322e+00
6.542118000000000322e+00
6.542118000000000322e+00
6.542118000000000322e+00
5.719999999999999751e+00
5.719999999999999751e+00
5.719999999999999751e+00
5.719999999999999751e+00
5.719999999999999751e+00
5.719999999999999751e+00
5.719999999999999751e+00
5.719999999999999751e+00
5.719999999999999751e+00
5.719999999999999751e+00
5.719999999999999751e+00
5.719999999999999751e+00
5.719999999999999751e+00
5.719999999999999751e+00
5.719999999999999751e+00
5.719999999999999751e+00
5.719999999999999751e+00
5.719999999999999751e+00
5.719999999999999751e+00
5.719999999999999751e+00
5.719999999999999751e+00
5.719999999999999751e+00
5.719999999999999751e+00
5.719999999999999751e+00
5.719999999999999751e+00
5.200000000000000178e+00
5.200000000000000178e+00
5.200000000000000178e+00
5.200000000000000178e+00
5.200000000000000178e+00
5.200000000000000178e+00
5.200000000000000178e+00
5.200000000000000178e+00
5.200000000000000178e+00
5.200000000000000178e+00
5.200000000000000178e+00
5.200000000000000178e+00
5.200000000000000178e+00
5.200000000000000178e+00
5.200000000000000178e+00
5.200000000000000178e+00
5.200000000000000178e+00
5.200000000000000178e+00
5.200000000000000178e+00
5.200000000000000178e+00
5.200000000000000178e+00
5.200000000000000178e+00
5.200000000000000178e+00
5.200000000000000178e+00
5.200000000000000178e+00
6.320000000000000284e+00
6.320000000000000284e+00
6.320000000000000284e+00
6.320000000000000284e+00
6.320000000000000284e+00
6.320000000000000284e+00
6.320000000000000284e+00
6.320000000000000284e+00
6.320000000000000284e+00
6.320000000000000284e+00
6.320000000000000284e+00
6.320000000000000284e+00
6.320000000000000284e+00
6.320000000000000284e+00
6.320000000000000284e+00
6.320000000000000284e+00
6.320000000000000284e+00
6.320000000000000284e+00
6.320000000000000284e+00
6.320000000000000284e+00
6.320000000000000284e+00
6.320000000000000284e+00
6.320000000000000284e+00
6.320000000000000284e+00
6.320000000000000284e+00
8.699999999999999289e+00
8.699999999999999289e+00
8.699999999999999289e+00
8.699999999999999289e+00
8.699999999999999289e+00
8.699999999999999289e+00
8.699999999999999289e+00
8.699999999999999289e+00
8.699999999999999289e+00
8.699999999999999289e+00
8.699999999999999289e+00
8.699999999999999289e+00
8.699999999999999289e+00
8.699999999999999289e+00
8.699999999999999289e+00
8.699999999999999289e+00
8.699999999999999289e+00
8.699999999999999289e+00
8.699999999999999289e+00
8.699999999999999289e+00
8.699999999999999289e+00
8.699999999999999289e+00
8.699999999999999289e+00
8.699999999999999289e+00
8.699999999999999289e+00
6.548213999999999757e+00
6.548213999999999757e+00
6.548213999999999757e+00
6.548213999999999757e+00
6.548213999999999757e+00
6.548213999999999757e+00
6.548213999999999757e+00
6.548213999999999757e+00
6.548213999999999757e+00
6.548213999999999757e+00
6.548213999999999757e+00
6.548213999999999757e+00
6.548213999999999757e+00
6.548213999999999757e+00
6.548213999999999757e+00
6.548213999999999757e+00
6.548213999999999757e+00
6.548213999999999757e+00
6.548213999999999757e+00
6.548213999999999757e+00
6.548213999999999757e+00
6.548213999999999757e+00
6.548213999999999757e+00
6.548213999999999757e+00
6.548213999999999757e+00
6.419999999999999929e+00
6.419999999999999929e+00
6.419999999999999929e+00
6.419999999999999929e+00
6.419999999999999929e+00
6.419999999999999929e+00
6.419999999999999929e+00
6.419999999999999929e+00
6.419999999999999929e+00
6.419999999999999929e+00
6.419999999999999929e+00
6.419999999999999929e+00
6.419999999999999929e+00
6.419999999999999929e+00
6.419999999999999929e+00
6.419999999999999929e+00
6.419999999999999929e+00
6.419999999999999929e+00
6.419999999999999929e+00
6.419999999999999929e+00
6.419999999999999929e+00
6.419999999999999929e+00
6.419999999999999929e+00
6.419999999999999929e+00
6.419999999999999929e+00
6.629999999999999893e+00
6.629999999999999893e+00
6.629999999999999893e+00
6.629999999999999893e+00
6.629999999999999893e+00
6.629999999999999893e+00
6.629999999999999893e+00
6.629999999999999893e+00
6.629999999999999893e+00
6.629999999999999893e+00
6.629999999999999893e+00
6.629999999999999893e+00
6.629999999999999893e+00
6.629999999999999893e+00
6.629999999999999893e+00
6.629999999999999893e+00
6.629999999999999893e+00
6.629999999999999893e+00
6.629999999999999893e+00
6.629999999999999893e+00
6.629999999999999893e+00
6.629999999999999893e+00
6.629999999999999893e+00
6.629999999999999893e+00
6.629999999999999893e+00
5.250263999999999598e+00
5.250263999999999598e+00
5.250263999999999598e+00
5.250263999999999598e+00
5.250263999999999598e+00
5.250263999999999598e+00
5.250263999999999598e+00
5.250263999999999598e+00
5.250263999999999598e+00
5.250263999999999598e+00
5.250263999999999598e+00
5.250263999999999598e+00
5.250263999999999598e+00
5.250263999999999598e+00
5.250263999999999598e+00
5.250263999999999598e+00
5.250263999999999598e+00
5.250263999999999598e+00
5.250263999999999598e+00
5.250263999999999598e+00
5.250263999999999598e+00
5.250263999999999598e+00
5.250263999999999598e+00
5.250263999999999598e+00
5.250263999999999598e+00
8.000000000000000000e+00
8.000000000000000000e+00
8.000000000000000000e+00
8.000000000000000000e+00
8.000000000000000000e+00
8.000000000000000000e+00
8.000000000000000000e+00
8.000000000000000000e+00
8.000000000000000000e+00
8.000000000000000000e+00
8.000000000000000000e+00
8.000000000000000000e+00
8.000000000000000000e+00
8.000000000000000000e+00
8.000000000000000000e+00
8.000000000000000000e+00
8.000000000000000000e+00
8.000000000000000000e+00
8.000000000000000000e+00
8.000000000000000000e+00
8.000000000000000000e+00
8.000000000000000000e+00
8.000000000000000000e+00
8.000000000000000000e+00
8.000000000000000000e+00
7.000000000000000000e+00
7.000000000000000000e+00
7.000000000000000000e+00
7.000000000000000000e+00
7.000000000000000000e+00
7.000000000000000000e+00
7.000000000000000000e+00
7.000000000000000000e+00
7.000000000000000000e+00
7.000000000000000000e+00
7.000000000000000000e+00
7.000000000000000000e+00
7.000000000000000000e+00
7.000000000000000000e+00
7.000000000000000000e+00
7.000000000000000000e+00
7.000000000000000000e+00
7.000000000000000000e+00
7.000000000000000000e+00
7.000000000000000000e+00
7.000000000000000000e+00
7.000000000000000000e+00
7.000000000000000000e+00
7.000000000000000000e+00
7.000000000000000000e+00
5.769550999999999874e+00
5.769550999999999874e+00
5.769550999999999874e+00
5.769550999999999874e+00
5.769550999999999874e+00
5.769550999999999874e+00
5.769550999999999874e+00
5.769550999999999874e+00
5.769550999999999874e+00
5.769550999999999874e+00
5.769550999999999874e+00
5.769550999999999874e+00
5.769550999999999874e+00
5.769550999999999874e+00
5.769550999999999874e+00
5.769550999999999874e+00
5.769550999999999874e+00
5.769550999999999874e+00
5.769550999999999874e+00
5.769550999999999874e+00
5.769550999999999874e+00
5.769550999999999874e+00
5.769550999999999874e+00
5.769550999999999874e+00
5.769550999999999874e+00
7.099999999999999645e+00
7.099999999999999645e+00
7.099999999999999645e+00
7.099999999999999645e+00
7.099999999999999645e+00
7.099999999999999645e+00
7.099999999999999645e+00
7.099999999999999645e+00
7.099999999999999645e+00
7.099999999999999645e+00
7.099999999999999645e+00
7.099999999999999645e+00
7.099999999999999645e+00
7.099999999999999645e+00
7.099999999999999645e+00
7.099999999999999645e+00
7.099999999999999645e+00
7.099999999999999645e+00
7.099999999999999645e+00
7.099999999999999645e+00
7.099999999999999645e+00
7.099999999999999645e+00
7.099999999999999645e+00
7.099999999999999645e+00
7.099999999999999645e+00
7.900000000000000355e+00
7.900000000000000355e+00
7.900000000000000355e+00
7.900000000000000355e+00
7.900000000000000355e+00
7.900000000000000355e+00
7.900000000000000355e+00
7.900000000000000355e+00
7.900000000000000355e+00
7.900000000000000355e+00
7.900000000000000355e+00
7.900000000000000355e+00
7.900000000000000355e+00
7.900000000000000355e+00
7.900000000000000355e+00
7.900000000000000355e+00
7.900000000000000355e+00
7.900000000000000355e+00
7.900000000000000355e+00
7.900000000000000355e+00
7.900000000000000355e+00
7.900000000000000355e+00
7.900000000000000355e+00
7.900000000000000355e+00
7.900000000000000355e+00
